23698
54320
41468
50376
21794
34176
42387
30336
20926
4953
55687
12468
37406
64957
26112
4115
45900
38554
26043
9783
60526
4683
21489
56816
5547
61235
16863
56155
55998
59255
16218
11539
2784
39401
54653
22013
873
28102
46629
48527
36547
49545
62484
22643
35585
37
38662
38361
27030
61096
17549
44386
23970
25406
2058
20064
750
37598
57629
30144
47069
58694
50142
43421
56679
12162
19744
65084
42403
63497
28363
38071
36279
51082
38078
36732
47538
32215
55160
46831
20850
31133
36741
25622
51171
48415
57233
54191
27275
18880
20287
64463
56594
48633
52218
43343
56126
34605
55095
53594
14584
24820
53588
30462
62463
36019
37418
44477
56408
14692
54669
32483
25568
5899
46991
23874
20102
8065
52944
23166
13952
20446
57763
63622
61554
45514
34881
7760
6026
11769
19652
30861
48929
33871
56322
41201
63274
3345
48947
44073
7438
12936
50315
63127
23926
1756
20324
54911
45478
49883
44473
3520
58059
22821
2257
45328
18589
4402
28135
9502
36269
26406
28629
10010
18348
50003
30963
5361
23995
10784
61568
63928
32681
24208
41561
16140
53715
5147
57382
11716
581
2372
31015
18450
10861
28444
50374
61578
9811
7790
16527
43649
40098
15461
23243
24253
53912
37666
24113
23077
41033
64906
55771
36414
58255
50524
12850
40540
19688
51794
35236
19720
54310
26493
10865
19376
28606
44624
25107
34846
12772
2152
60929
13763
2318
2244
62181
58050
46105
60985
58433
14847
38099
48947
14179
60989
58106
1827
6985
977
30696
2427
63335
16181
31493
19093
2844
56483
7064
38438
57530
48674
51958
42130
64480
3384
29284
14665
57155
7502
55853
62752
5678
22329
26021
40456
18328
56523
54956
11748
29784
56634
38079
47882
15386
30442
24509
64450
28659
9689
10560
57353
46890
30997
31526
41759
7500
61822
1751
58357
54204
31782
31585
57125
5767
30588
3581
10575
5275
60235
29663
38827
61185
7458
41865
53819
28931
19213
28094
64559
2491
3951
50495
14316
15340
34413
45287
43603
55667
43867
62775
39420
61692
13039
53808
63520
20095
25144
10078
34421
58575
16052
58039
22702
33058
53263
6490
42300
16075
9257
20832
15447
56749
63528
61016
60581
1003
31177
13912
18688
7770
15068
57593
26002
58396
28622
27293
57678
52356
9013
63805
45934
50467
55969
60314
38066
52080
57816
34667
48443
48750
38176
56299
49841
39457
10021
12131
36227
38917
57026
60339
37311
43305
11645
25020
53505
7544
25432
37625
34874
53730
20000
23058
21693
22703
13163
12513
29316
46727
64977
47409
29650
46707
44297
34
26945
49735
26257
40219
23218
54184
45155
29346
8999
46558
280
63631
61486
27789
21908
60954
58284
43679
56697
21500
16148
56237
58098
49112
30854
20529
46127
38311
62964
25023
3599
21800
17809
45069
9934
37350
24916
39668
19017
26770
14835
16601
26901
64915
8868
45141
40700
38662
44411
30268
42830
277
56163
29120
53580
20305
6542
37844
26310
20746
3447
44615
48183
22192
34755
54781
35578
62546
22559
37949
36493
59506
14337
5913
32626
46947
49669
28044
9168
39355
17911
5239
65289
28002
57006
58385
25100
46437
869
27452
10202
15570
14521
6828
47981
50115
24216
41812
9668
35599
5966
59793
27857
38560
7860
60503
23119
3631
20897
53985
45838
31202
14413
47860
57837
44675
22070
3352
6132
37244
1253
52248
50678
44729
50707
62578
47296
51167
26036
33954
51875
5608
10920
22873
19246
3057
34906
40180
57383
37828
6284
46375
1676
19843
64113
53109
62699
21084
47981
40252
54348
16779
6029
56491
1639
55334
47001
57390
1782
36265
46155
64676
50542
11103
19627
55158
3846
25224
22843
33975
55927
37013
22999
32250
53153
23557
59727
41634
13035
29855
135
42474
12242
24004
16679
40469
15647
8525
17547
39536
29787
41817
18818
41931
48664
19304
33956
17032
6822
23554
26641
42583
46765
44468
28660
14562
18356
15893
22247
57812
44048
53934
17475
53501
17375
42284
6403
1244
18467
33360
28736
45836
26763
9071
31985
55712
27779
27240
14470
17825
60241
40791
19777
48984
588
14119
879
46769
26036
63057
28298
50323
55510
11820
55070
45931
4974
17945
44020
22045
18059
316
63036
52249
56837
21195
7254
5774
18079
52735
55410
35072
11795
38165
31586
7599
1454
30184
65163
11803
5336
51582
13710
4774
44248
51301
57081
63174
54569
34519
18971
5856
24001
3756
51441
10311
46684
10737
30367
59783
57689
40021
30606
51743
55703
57659
4480
48876
8513
10340
5641
27290
54279
63221
19695
9279
1185
62136
17077
44663
60678
49585
1380
4017
65108
60161
740
65394
31432
58259
38576
59076
41380
61912
12851
5010
55278
37573
4114
43549
5823
10375
6009
36442
57279
27326
5039
27092
13583
22262
6873
27928
7425
9611
63452
59308
41061
44882
60236
59498
31803
2825
60832
30535
3292
12506
46850
37095
2438
18838
4254
61366
31863
1379
45092
59704
53746
55049
31504
25842
1664
45713
64125
24142
26971
957
38114
14974
19468
45931
5159
64111
32894
64308
34780
3057
25848
28397
37814
9806
15519
15841
27233
43169
54223
13368
29924
7823
16014
51750
10006
44760
25561
21475
39288
28457
33383
40042
59221
45021
394
61906
2415
9667
43989
39092
757
62787
11911
48183
45342
44680
31098
16954
43524
6195
23738
24389
3157
1806
10902
28342
43938
35731
55441
12214
15404
24559
18309
22589
23809
42273
6089
16797
33412
64401
12077
14578
59861
36269
14117
29796
11176
3577
17141
56579
2819
26047
48121
28404
19511
30409
55444
35337
32692
19509
54695
23754
15150
9645
53973
42552
23497
19717
37502
37806
19954
64144
3708
38240
23200
34895
21667
57774
57208
22899
516
49959
1141
13545
56548
47041
11816
17521
34859
9277
36095
16400
21863
52128
26764
50481
8825
60126
1953
45183
9047
63719
17026
9644
59480
55971
55256
58682
45470
18645
22476
57071
34950
45266
54661
5610
7782
54999
17937
28344
57754
37930
951
49014
62892
14684
34040
58862
64091
59161
6830
25041
1141
15791
6498
42838
36292
35970
33607
32960
43634
44012
61837
11483
20639
63574
13596
40475
27985
55004
3910
24173
30036
39018
33123
23445
64247
50610
26782
46437
22359
11648
489
23346
20239
19166
47566
36105
24156
5888
60878
20759
52362
55089
55274
30591
9569
24903
56073
53302
537
60311
53274
24709
17609
54620
16406
20348
56625
